image_width: 640
image_height: 480
camera_name: rgb_PS1080_PrimeSense
camera_matrix:
  rows: 3
  cols: 3
  data: [ 589.7, 0, 345.7, 0, 592.38, 225.96, 0, 0, 1 ]
distortion_model: plumb_bob
distortion_coefficients:
  rows: 1
  cols: 5
  data: [0.149510, -0.37783, 0.000135, 0.00015, 0.255800]
rectification_matrix:
  rows: 3
  cols: 3
  data: [1, 0, 0, 0, 1, 0, 0, 0, 1]
projection_matrix:
  rows: 3
  cols: 4
  data: [ 589.7, 0, 345.7, 0, 592.38, 225.96, 0, 0, 1 ]
