image_width: 640
image_height: 480
camera_name: rgb_PS1080_PrimeSense
camera_matrix:
  rows: 3
  cols: 3
  data: [589.525, 0, 337.4276915736691, 0, 589.58186, 240.987, 0, 0, 1]
distortion_model: plumb_bob
distortion_coefficients:
  rows: 1
  cols: 5
  data: [0.22611, -0.8206, -0.0045659, 0.0049079, 0]
rectification_matrix:
  rows: 3
  cols: 3
  data: [1, 0, 0, 0, 1, 0, 0, 0, 1]
projection_matrix:
  rows: 3
  cols: 4
  data: [589.525298, 0, 337.42769, 0, 589.5818, 240.98698, 0, 0, 1]
